S0 = 106
U = 0.15125
D = -0.13138
R = 0.00545
N = 8
K = 100
European call prices by PriceByCRR:21.6811

European call prices by PriceByCRRHW6:21.6811

Stock positions in replicating strategy:

       0.671687
       0.519823       0.793779
       0.340754       0.663788       0.898288
       0.164433       0.482509       0.809529       0.969646
       0.039272       0.265059       0.657332       0.931891       1.000000
       0.000000       0.070844       0.421200       0.847173       1.000000       1.000000
       0.000000       0.000000       0.127801       0.657082       1.000000       1.000000       1.000000
       0.000000       0.000000       0.000000       0.230548       1.000000       1.000000       1.000000       1.000000

Money market account positions in replicating strategy:

     -49.517673
     -35.610824     -64.336196
     -21.444243     -50.706106     -78.859817
      -9.393404     -34.285085     -68.203620     -90.214590
      -2.003229     -17.268048     -52.417688     -85.024411     -95.745015
       0.000000      -4.137781     -31.259079     -74.963367     -95.745015     -95.745015
       0.000000       0.000000      -8.546818     -55.460260     -95.745015     -95.745015     -95.745015
       0.000000       0.000000       0.000000     -17.653930     -95.745015     -95.745015     -95.745015     -95.745015

N = 8
K = 100.000000
European put prices by PriceByCRR:11.426118

European put prices by PriceByCRRHW6:11.426118

Stock positions in replicating strategy:

      -0.328313
      -0.480177      -0.206221
      -0.659246      -0.336212      -0.101712
      -0.835567      -0.517491      -0.190471      -0.030354
      -0.960728      -0.734941      -0.342668      -0.068109       0.000000
      -1.000000      -0.929156      -0.578800      -0.152827       0.000000       0.000000
      -1.000000      -1.000000      -0.872199      -0.342918       0.000000       0.000000       0.000000
      -1.000000      -1.000000      -1.000000      -0.769452       0.000000       0.000000       0.000000       0.000000

Money market account positions in replicating strategy:

      46.227343
      60.134191      31.408819
      74.300772      45.038909      16.885198
      86.351611      61.459930      27.541395       5.530425
      93.741786      78.476968      43.327327      10.720604       0.000000
      95.745015      91.607234      64.485936      20.781648       0.000000       0.000000
      95.745015      95.745015      87.198197      40.284755       0.000000       0.000000       0.000000
      95.745015      95.745015      95.745015      78.091086       0.000000       0.000000       0.000000       0.000000

